-1.216614 1.575430 4.469370

-1.135863 1.529074 4.368097

-1.099604 1.446977 4.379922

-1.123686 1.457199 4.305894

-1.248011 1.445160 4.305919

-1.125869 1.395582 4.392803

-1.183459 1.296823 4.443817

-1.223218 1.240497 4.444760

-1.083708 1.024214 4.612419

-0.058881 1.886892 2.125592

-1.084233 1.018301 4.565725

-1.163651 0.673213 5.219591

-1.457055 1.039386 4.127549

-1.455930 1.016319 4.129291

-1.247682 0.830168 4.137408

-0.614580 1.492193 2.613765

-0.702349 1.492392 2.606665

-0.651408 1.515033 2.541442

-1.287508 0.787581 4.119036

-0.785827 1.423140 2.689738

-0.846247 1.382857 2.696769

-0.599765 1.411117 2.604058

-0.748503 1.429695 2.531923

-0.955824 1.046550 1.779462

-0.957377 1.021479 1.739600

