94
3
0.830055 2.002419 5.948558
0.911146 1.739677 6.174274
0.915865 1.503802 6.363815
0.876412 1.489047 6.347033
0.854154 1.488399 6.269515
0.838721 1.535248 6.151793
0.960274 1.535896 6.057878
0.976554 1.445839 6.071022
1.016942 1.308807 6.156283
1.024646 1.171330 6.183584
1.062225 0.985287 6.320214
1.047303 0.899254 6.382660
0.994332 0.739049 6.452544
0.966410 0.700415 6.438755
0.950048 0.655401 6.410326
0.932407 0.517298 6.464767
0.448619 0.499801 6.258130
0.455600 0.671088 6.152552
0.455804 1.011983 6.085172
0.425399 1.311091 5.824321
0.402557 1.358264 5.827948
0.455398 1.027781 6.361452
0.486614 1.028095 6.418076
0.489924 1.231063 6.274214
0.554940 1.408091 6.267602
0.508539 1.371355 6.180002
0.664561 1.070233 6.742668
0.688033 1.432984 6.340750
0.697768 1.554438 6.204030
0.689189 1.622442 6.236851
0.672073 1.649866 6.303811
0.689858 1.754937 6.242016
0.736958 1.770892 6.336571
0.787233 1.896994 6.157008
0.799796 2.034667 5.985817
-0.037409 1.406798 8.119084
-0.015633 1.471976 7.826344
0.067071 1.862066 7.274732
0.137952 1.481510 7.764114
0.132736 1.475680 7.671382
0.113977 1.460283 7.596515
0.156398 1.343403 7.717694
0.201419 1.076440 7.983148
0.171780 0.847450 8.192653
0.062536 0.986663 7.977138
0.029025 0.824481 8.111797
0.024409 0.783149 8.066259
0.036449 0.691869 8.115088
0.030247 0.472938 8.262255
-0.034631 0.491110 8.192431
-0.058475 0.414752 8.115392
-0.037560 0.194842 8.195077
-0.076962 0.096662 8.170447
-0.171617 0.177328 8.052899
-0.166965 0.218401 8.102406
-0.145137 0.198192 8.309762
-0.170715 0.304401 8.277709
-0.170075 0.230254 8.458280
-0.202478 0.305680 8.280009
-0.288776 0.316958 7.989791
-0.264317 0.241731 7.956562
-0.282764 0.280854 7.735164
-0.310333 0.092839 7.847847
-0.401217 0.127090 7.866278
-0.400399 0.332097 7.783550
-0.394352 0.405041 7.764262
-0.402210 0.478665 7.819183
-0.384870 0.491236 7.875691
-0.355872 0.431441 8.052860
-0.371527 0.406105 8.166601
-0.366867 0.661824 8.052376
-0.383559 0.659730 7.979961
-0.378043 0.692242 8.142157
-0.337593 0.813664 8.096491
-0.342805 1.155844 7.784044
-0.360820 1.496116 7.337299
-0.444935 1.464313 7.468119
-0.466323 1.045945 8.225681
-0.425826 1.151722 8.248590
-0.419602 1.216546 8.256190
-0.333522 1.131034 8.490126
-0.323656 0.716860 9.299379
-0.160153 1.612134 7.858840
-0.142089 1.695933 7.772640
-0.208609 1.477078 8.057217
-0.142089 1.695933 7.772640
-0.004761 1.704210 7.713650
-0.138977 1.699061 7.872262
0.059798 1.689925 7.938817
-0.136095 1.692431 7.989933
0.034854 1.733654 7.949865
0.038886 1.660916 8.154505
-0.121634 0.723816 9.873297
-0.067460 1.011212 9.339242