51
3
0.498340 0.615808 4.641702
1.105770 0.410232 5.097028
1.056517 0.963971 4.708347
1.019556 0.593764 4.909544
0.962069 0.808669 4.673279
0.939519 0.440632 4.852769
0.511734 0.753230 4.977650
0.475370 0.947030 4.736653
0.467243 1.081562 4.499889
0.521786 0.707504 4.697235
0.685878 1.294906 4.835326
0.653961 0.992492 5.052784
0.548978 1.366584 4.605739
0.990225 1.432721 4.578873
0.932156 1.614441 4.465413
0.892421 1.355596 4.756446
0.892421 1.355596 4.756446
0.934380 1.327428 4.846685
0.660384 1.882813 4.425640
0.737298 1.613209 4.814682
0.869471 1.211843 5.310749
0.810050 2.077353 4.409576
-0.036840 1.512511 6.406157
-0.129058 0.679171 7.336717
-0.041308 1.927657 5.697875
-0.032861 1.922669 5.640186
0.008562 1.637037 5.903234
0.008562 1.637037 5.903234
0.046477 1.365072 6.112829
0.059378 1.168919 6.197413
0.071213 1.022465 6.317012
0.049689 0.652100 6.643030
0.006576 0.625010 6.637087
-0.023906 0.607765 6.597791
-0.071157 0.512544 6.595507
-0.095957 0.420415 6.637371
-0.453584 0.436421 6.496315
-0.446123 0.696602 6.305968
-0.435272 0.735723 6.350862
-0.434286 0.975458 6.251627
-0.435131 1.111625 6.194527
-0.438007 1.434098 5.946004
-0.523612 1.367604 6.119221
-0.545465 1.277513 6.287282
-0.541343 1.062351 6.657913
-0.530041 1.039078 6.758948
-0.451523 1.235151 6.633063
-0.286375 1.681242 6.102446
-0.259832 1.785187 6.092416
-0.088742 1.927017 6.099064
-0.075567 1.768713 6.258449